model_save_snips1ppi_50ep	0.0	0.025650991061018265	0.0	0.014931237721021612
model_save_snips1ppi_55ep	0.015625	0.028615622583139984	0.015625	0.0
model_save_snips5ppi_50ep	0.27171266233766234	0.13162705667276053	0.3092532467532468	0.14145695364238411
model_save_snips5ppi_55ep	0.09111
model_save_snips10ppi_50ep	0.8762175324675325	0.4253527058328069	0.8545048701298701	0.39293316304810555
model_save_snips10ppi_55ep	0.8269074675324675	0.4261387824606215	0.8116883116883117	0.4024231934227607
model_save_snips25ppi_50ep	0.9553571428571428	0.5645070422535211	0.9303977272727273	0.5342699829124739
model_save_snips25ppi_55ep	0.9439935064935064	0.5809049079754602	0.9403409090909091	0.5541291435140832
model_save_snips50ppi_50ep	0.9683441558441558	0.6507394766780433	0.9616477272727273	0.6400911161731
model_save_snips50ppi_55ep	0.9758522727272727	0.6585735963581184	0.9573863636363636	0.6451857467778619
model_save_atis1ppi_50ep	0.0	0	0.0	0
model_save_atis1ppi_55ep	0.0	0	0.0	0
model_save_atis5ppi_50ep	0.048828125	0.2595978062157221	0.07366071428571429	0.23929509970629156
model_save_atis5ppi_55ep	0.052734375	0.2677776181583106	0.0625	0.23301901869905706
model_save_atis10ppi_50ep	0.1064453125	0.3405322558171938	0.1341594827586
model_save_atis10ppi_55ep	0.5289713541666666	0.4839642119752237	0.4939193349753695	0.4248466257668711
model_save_atis25ppi_50ep	0.87890625	0.6806384455239416	0.896
model_save_atis25ppi_55ep	0.9007161458333334	0.7211166390270868	0.9284559729064039	0.6829419996890064
model_save_atis50ppi_50ep	0.9384765625	0.7929454242466324	0.941848830049261	0.7784959798
model_save_atis50ppi_55ep	0.9521484375	0.8041008589637019	0.9575892857142857	0.7809254013220019